# ADDR1 ADDR2 LEN DATA...
00 07 03 00 03 4C # Class of Device 
00 0B 10 54 4E 43 33 20 4D 6F 62 69 6C 69 6E 6B 64 00 00
00 1B 10 00 00 00 00 00 00 00 00 00 00 00 00 00 00 00 00
00 2B 01 10
00 31 01 03
00 3B 01 02
00 56 02 11 11
00 5B 10 31 32 33 34 35 36 00 00 00 00 00 00 00 00 00 00
01 AD 06 C1 0C 08 1B 21 00
01 B6 02 03 20
01 BA 07 19 00 0C FF FF 01 01
01 C2 02 00 00
01 C5 0B 03 0C 00 00 08 00 08 00 02 1F 40
01 D4 10 BA B0 00 08 00 31 00 02 02 00 01 00 06 01 03 00
01 E4 02 00 00
01 EA 08 1F 18 10 0B 22 05 05 05
01 F3 02 05 05
01 F6 04 00 01 01 01
01 FB 02 02 01
01 FE 04 00 03 02 03
02 03 02 04 02
02 06 04 00 01 03 02
02 0B 02 03 01
02 0E 04 00 3C 1E 1E
02 13 02 1E 1E
02 17 10 0E 4D 6F 62 69 6C 69 6E 6B 64 20 54 4E 43 33 00
02 27 10 00 43 36 50 36 34 4A 32 4D 5A 58 54 4E 43 33 00
02 37 0B 00 00 00 00 00 00 00 00 00 00 00
02 42 10 41 42 42 41 41 42 42 41 41 42 42 41 41 42 42 41 # Serial Number (can base64 encode the CPUID)
02 52 10 00 39 50 56 01 00 00 01 43 68 61 74 62 6F 61 72
02 62 10 64 00 00 00 00 00 00 00 01 00 00 01 00 00 49 53
02 72 10 53 43 00 00 00 00 00 00 00 00 00 00 00 00 42 4D
02 82 0E 37 38 00 00 00 00 00 00 00 00 00 00 00 00
02 A0 10 63 6F 6D 2E 69 73 73 63 2E 64 61 74 61 70 61 74
02 B0 10 68 00 00 00 00 00 00 00 00 00 00 00 00 00 00 00
02 C0 10 00 00 00 00 00 00 00 00 00 00 00 00 00 00 00 00
02 D0 10 63 6F 6D 2E 69 73 73 63 2D 74 65 63 68 00 00 00
02 E0 10 00 00 00 00 00 00 00 00 00 00 00 00 00 00 00 00
02 F0 10 00 00 00 00 00 00 00 00 00 00 00 00 00 00 00 00
03 00 10 4D 6F 62 69 6C 69 6E 6B 64 20 4C 4C 43 00 00 00
03 10 10 00 00 00 00 30 38 36 30 00 00 00 00 00 00 00 00
03 20 10 54 4E 43 33 00 00 01 00 04 00 00 00 00 00 00 00
03 30 10 00 00 00 00 00 00 00 00 00 00 00 00 00 00 00 00
03 40 10 00 00 00 00 00 00 00 00 00 00 00 00 00 00 00 00
03 50 10 00 00 00 00 BB 68 1F 96 B0 01 49 AE C9 46 2A BA
03 60 10 01 00 00 00 BB 68 1F 96 B0 01 49 AE C9 46 2A BA
03 70 10 03 00 00 00 BB 68 1F 96 B0 01 49 AE C9 46 2A BA
03 80 10 02 00 00 00 10 0C 00 00 00 00 01 00 00 01 00 04
03 90 10 00 00 00 00 00 00 00 00 00 00 00 00 00 00 00 00
03 A0 10 1B 05 08 54 4E 43 33 11 06 BB 68 1F 96 B0 01 49
03 B0 10 AE C9 46 2A BA 01 00 00 00 02 01 02 00 00 00 00
03 C0 10 03 02 0A 00 00 00 00 00 00 00 00 00 00 00 00 00
03 D0 10 00 00 00 00 00 00 00 00 00 00 00 00 00 00 00 00
03 E0 10 03 02 01 06 00 00 00 00 00 00 00 00 00 00 00 00
03 F0 10 00 00 00 00 00 00 00 00 00 00 00 00 00 00 00 00
04 00 09 01 00 00 00 00 00 00 00 00
04 F0 10 54 4E 43 33 20 32 2E 31 2E 31 00 00 00 00 00 00
00 00 00
